1 57 20 81 59 48 36 90 83 75 18 86 72 52 31 2 10 37 15 17 99 45 12 1 1 38 54 58 61 61 17 67 46 36 6 61 79 81 52 31 
88 73 96 93 54 15 47 24 87 21 78 85 100 100 62 40 27 30 85 3 38 10 68 6 1 92 28 28 59 70 84 73 49 21 75 47 46 95 75 11 
60 39 74 61 58 37 16 23 43 81 52 99 76 35 17 66 50 7 70 51 15 95 15 91 70 31 43 8 97 69 16 88 83 59 20 18 82 48 16 51 
74 41 28 57 69 76 73 48 13 37 84 4 52 67 43 11 95 93 55 35 48 38 85 32 46 28 99 30 74 57 20 77 84 40 51 90 3 100 58 6 
54 20 85 63 66 20 85 13 11 75 32 95 29 34 15 74 84 71 61 75 26 15 1 7 81 86 22 12 56 2 12 46 76 69 55 8 44 21 70 30 
44 24 58 54 63 17 51 97 70 93 19 34 18 100 46 100 10 63 10 44 94 5 90 30 23 77 42 21 63 61 46 47 60 64 86 83 63 73 57 38 
19 74 56 91 25 19 61 70 59 36 50 9 75 62 63 70 81 15 58 87 92 62 73 5 67 98 32 57 31 18 11 87 86 75 16 33 8 8 65 82 
55 45 41 30 47 51 16 33 74 32 83 96 88 73 31 95 13 7 79 53 61 96 8 88 66 33 11 51 23 30 92 56 67 12 50 38 50 80 51 39 
69 54 61 40 1 71 11 63 87 50 75 50 39 79 56 36 96 64 18 38 14 75 96 62 3 33 6 64 14 85 87 60 73 86 2 13 71 62 22 7 
17 63 35 32 37 67 81 81 53 62 80 91 15 64 41 26 14 86 7 43 58 31 55 23 32 12 81 14 29 79 90 79 75 62 37 86 23 87 23 25 
55 99 6 9 53 43 10 26 90 24 15 13 94 9 5 6 34 92 40 44 95 84 54 85 70 40 26 1 53 96 40 25 59 26 69 95 44 90 1 95 
61 79 58 15 23 39 1 42 9 66 86 7 82 67 70 81 54 69 15 69 73 78 4 87 65 71 9 56 95 6 28 15 99 62 30 93 37 70 22 16 
25 53 91 11 91 45 9 79 18 98 78 88 22 46 1 76 12 41 32 100 4 26 19 25 16 63 89 94 20 78 65 66 91 46 93 67 16 64 57 43 
95 55 58 54 26 40 36 4 80 20 8 39 60 8 20 16 65 46 61 70 45 69 40 84 60 20 95 88 40 99 19 90 58 45 63 71 5 29 27 41 
90 72 73 90 40 40 91 31 39 58 36 74 75 74 74 14 21 28 69 92 37 52 11 91 21 52 66 44 69 10 8 8 3 36 31 70 15 40 7 68 
73 20 70 62 66 55 10 55 5 98 47 97 73 54 68 70 38 39 5 81 17 7 32 79 22 33 49 1 44 51 61 76 41 35 85 95 63 100 6 57 
87 39 31 29 3 62 40 2 4 46 86 94 41 73 62 81 88 59 60 8 80 47 60 59 57 82 68 35 2 27 35 24 78 38 87 12 73 63 90 19 
54 91 79 97 20 91 80 96 85 90 63 19 62 27 26 74 79 18 72 49 9 81 86 13 31 58 48 77 20 73 100 2 65 70 18 8 28 68 84 56 
38 78 24 64 24 21 98 29 3 77 16 5 1 35 65 35 42 42 10 55 70 34 66 88 54 58 6 47 26 43 87 49 9 57 71 78 87 86 30 87 
65 75 83 77 88 91 92 53 45 11 36 83 43 17 1 66 78 7 9 39 69 81 16 15 5 35 2 98 65 6 92 64 44 3 25 40 66 79 3 83 
14 64 56 99 47 22 31 79 35 49 61 11 99 76 16 46 72 100 78 65 63 95 69 29 57 30 55 72 25 55 50 96 67 77 63 45 80 75 99 21 
63 91 60 92 51 49 45 89 95 19 26 21 74 95 63 5 65 4 56 55 45 7 100 13 61 6 18 67 34 32 66 42 43 23 68 17 50 51 81 44 
1 34 38 13 83 74 90 65 66 52 74 74 96 47 37 12 91 83 46 11 87 77 4 42 94 7 17 22 12 60 12 62 59 70 74 92 67 30 81 38 
100 78 21 18 39 19 59 20 97 20 39 31 13 20 5 78 77 89 1 45 43 81 47 50 75 24 56 10 93 90 86 6 50 64 75 76 26 91 80 20 
56 6 53 80 71 3 74 56 92 88 80 31 40 49 6 66 1 77 76 22 16 6 68 4 35 70 80 44 99 64 30 48 88 8 11 15 15 92 31 38 
82 5 82 24 90 26 27 21 23 85 88 89 85 61 5 18 19 36 45 19 90 63 55 92 53 74 100 97 87 85 15 38 29 18 98 75 72 4 65 82 
74 82 13 72 38 65 92 89 4 78 45 1 23 42 16 92 51 25 76 91 22 4 78 23 56 81 86 34 54 100 87 65 23 82 38 37 4 57 40 12 
33 90 21 95 13 85 90 45 23 64 57 63 43 2 87 14 27 30 69 57 96 61 79 43 82 74 14 52 3 1 75 34 91 47 77 6 64 3 69 97 
51 71 27 83 65 60 27 85 47 75 36 2 48 63 41 39 3 29 60 89 44 94 39 54 2 98 87 44 70 34 61 50 56 4 38 24 94 86 97 61 
59 8 41 31 50 9 88 31 79 94 59 22 28 57 88 26 31 73 87 24 20 45 90 58 3 100 6 62 26 17 12 24 50 96 5 8 34 28 52 50 
42 93 61 30 48 41 96 55 84 80 81 60 88 32 94 27 95 72 13 78 48 18 3 5 46 87 14 2 22 82 80 78 66 30 79 93 85 25 50 3 
8 4 36 72 41 19 30 19 75 14 6 53 36 81 16 90 14 3 19 82 25 58 35 54 67 88 94 95 11 16 56 81 90 8 88 83 39 55 68 46 
29 95 99 73 60 28 14 20 61 49 36 23 48 70 95 68 99 24 52 24 90 49 33 54 58 34 35 17 30 22 93 74 81 66 69 28 77 7 73 86 
35 5 49 3 84 62 55 61 57 78 65 70 76 87 16 43 79 3 44 5 51 27 7 25 99 51 62 8 37 96 87 34 25 29 6 100 18 7 23 31 
79 65 9 27 14 22 57 18 64 11 46 76 34 6 29 70 88 57 87 9 80 100 64 62 60 60 20 98 24 5 24 26 41 80 28 91 38 73 21 6 
61 36 37 67 98 23 90 35 96 67 21 29 36 54 30 22 10 11 71 85 68 82 1 50 61 94 30 61 75 88 92 84 61 31 79 16 55 69 40 100 
11 42 3 69 26 17 23 19 87 77 5 49 6 97 9 57 97 58 88 41 41 42 66 83 95 29 1 62 5 66 43 96 61 21 42 35 63 81 1 11 
40 28 32 83 86 32 20 57 47 100 44 37 42 39 59 88 34 40 96 51 42 61 78 9 16 21 9 32 48 63 34 8 62 15 29 83 44 100 23 11 
52 27 1 58 78 11 97 37 91 53 23 31 48 32 42 77 85 39 43 73 74 10 9 76 85 64 36 48 10 42 19 35 92 23 32 16 35 19 28 21 
18 34 7 51 97 81 45 92 18 49 48 70 25 94 28 30 83 82 63 80 1 27 29 96 86 52 71 26 93 50 10 83 8 29 39 65 52 44 15 98 
4 74 56 236 189 206 166 176 69 196 17 185 220 
88 12 124 6 214 158 138 155 146 199 164 178 194 222 41 108 201 6 112 11 130 69 18 63 251 130 157 19 94 244 220 87 62 74 13 254 44 18 57 77 
201 166 22 68 35 56 144 46 162 28 116 194 86 15 73 178 223 145 222 21 203 255 162 158 152 152 50 250 60 11 61 66 104 203 70 230 97 186 53 14 
155 91 93 171 249 58 229 89 244 170 52 72 91 136 75 57 26 28 181 216 172 209 2 126 155 239 75 155 191 223 233 212 155 78 200 39 139 176 101 254 
26 105 7 176 67 44 59 49 220 195 13 124 15 246 22 145 246 147 225 105 103 106 168 210 242 73 1 158 13 168 108 244 155 52 106 87 159 207 2 27 
101 71 81 211 218 80 51 144 120 254 111 94 107 99 149 224 87 101 243 130 107 156 199 22 39 54 23 81 121 161 85 21 157 37 72 211 112 254 57 28 
133 68 2 147 197 28 248 95 231 134 57 78 123 80 106 196 215 100 110 185 188 24 21 193 216 163 92 122 25 106 49 88 233 59 80 40 88 47 70 53 
44 86 17 128 246 207 114 233 46 123 121 179 64 239 71 77 210 210 161 203 2 67 74 244 220 132 181 66 235 126 24 211 20 73 98 165 132 111 36 249 
