18.375 26 34.25 41.75 37.625 25.75 32.125 40.375 52.25 34 34.375 43.375 47.75 38.375 22.25 10.625 10.75 16.125 21.125 18.875 37.25 26.375 17.25 2.625 5.25 27.875 29 32.375 37.5 33.75 30.75 33.75 30.5 18.125 23 31.75 43.25 48.5 36.375 15.625 
38.75 53.25 56.5 59.75 41.625 27 23.125 36.875 43.125 45.375 41.5 66.625 66.625 56.125 39 29.625 23 27 36 24.625 25.375 33.25 22.375 21.625 21.375 35.25 34.125 26.125 46.75 51.625 43 54.25 40.125 32.625 30.5 36.75 49.375 55 40.5 22.375 
40.125 40.75 46.5 50.5 42.125 29.875 26.5 22.125 36.25 39.375 55.75 51.875 54.75 41.25 30 31.25 36.875 32.125 42.25 28.125 32.75 33.5 46.125 38.125 38.625 36.875 31.5 26.75 50.5 47.25 36.625 53.125 55.75 35.25 30.375 34.375 34.875 48.625 33 16.875 
37.875 30.375 39.125 41.875 49.375 43.875 46.375 27.25 20.625 40.875 36.625 42.25 35 37.25 24.5 37.5 53.5 51.75 46.125 37.375 26.25 39.875 32 36.625 37.875 39.75 40.125 31.625 48.5 34.875 25.25 49 55.5 42.875 38.375 32.5 40.25 41.25 38.5 18.875 
30.75 30.5 42.375 48.5 43.375 35.5 40.875 33.375 24.125 40.375 42.125 36.125 32.125 34.875 28.375 44.75 52.25 55.375 41.625 39.5 35.5 12.5 24.875 19.75 40.5 47.5 35.375 19.125 32.875 23.75 17.25 38 51.375 46.625 40.5 36 22.875 41.125 38.25 21.75 
23.125 30.5 41.875 47.875 36 23.375 45.25 49.75 50 48.25 30.875 26.125 34.25 45 46.25 50 43.5 29 30.75 44.25 44.375 33.875 36.125 23.125 37.625 50.375 29.5 27 36.875 31.375 27.875 41.625 49.125 52.25 48.75 44.5 41.75 36.875 45 30.625 
26.375 36.5 47 43.375 33.75 24 34.75 48.75 46 38.25 30.875 34.125 40.875 54.375 41.875 59.875 33.75 29.875 38.375 52.625 61 48.75 38.875 33.5 40.75 50.625 34 31.125 27.875 21.125 33.125 46.75 57.625 41 34.5 26.375 21.25 30.25 41 38.25 
30.375 39.25 34.25 34.875 25.125 31.875 23.5 36.125 44.875 38.375 52.375 52.75 57.375 50.75 43.625 42.5 38.125 23.125 36.75 46.375 47.125 49.75 46.125 39.625 40.375 34.25 18 32.125 21.5 34.75 46 52.25 45.125 37.75 21 27.75 37.125 41.375 38.5 27.25 
33 43.25 36.5 25.5 24.625 34 31.625 42.25 51.75 44.5 51.625 50.125 38.75 48.75 37.375 43.125 39.875 41.875 28 25.5 32.5 48.375 49 41.75 24.875 15 25.125 26.625 28.625 47.5 62.625 51.875 54.25 40.125 23.75 27.875 36.25 48 23.375 12.5 
27.625 41.375 29 23.125 28.375 45.75 41.375 48.125 53.25 41.375 50.375 42.5 39.75 34 29.125 18.625 33.75 43.625 25.125 29.125 37.375 41.75 39.25 35 21.5 26.25 27.5 25.375 27.25 57.25 58.125 51 52.875 43.5 36.625 42.5 41.75 46.5 22.625 21.875 
35.875 50.125 26.625 15.5 27.25 31.875 21.375 34.375 36.5 35.125 29.125 29.125 38.375 31 17 19.75 29.25 51.625 29.75 41.875 56.125 53.25 42 50.5 45.25 32.375 22.875 18.875 40.875 46.25 39.875 30.375 42.875 38 40.75 60.25 41.625 47.75 29 29 
35.125 53.625 38.375 16.375 30.5 23.75 12.75 24.875 29.25 43.625 42.25 35.375 44.25 42.625 36.75 46 38 42.5 30 46.25 49 42.875 30.75 44.125 46.75 39.875 32.5 38.875 40.625 38.625 22.75 31 53.125 40.625 47.125 51.875 37.125 44.125 23.5 24 
32.375 44.5 45.25 34.125 35.875 33.625 22.375 28.875 37.75 47.25 54.5 40.25 40 23.75 26.75 32.75 32.5 30.125 35.125 46.875 31.5 27.75 16.625 32 30.625 40.25 54.875 55.125 43.375 43.25 40.125 49.125 56.375 47.875 49 50.875 25.625 37.5 33.75 25 
45 48.5 48.625 36.625 34.625 28.375 27 29.25 30.125 35.5 23.625 38.5 33 27 17.375 25.875 28.125 35.875 42.375 54.75 33.75 37.625 32.875 48 32.625 38.75 56.625 56.125 44.5 43.125 37.5 41.375 43.125 36.625 45.75 43.375 17.625 24.25 23.5 27.5 
52.5 47.75 54.5 51.125 37.75 38.25 37.375 31.375 31.5 38.625 32.375 49.375 53.875 44.875 40.5 26.125 23.375 28.875 40.5 55.125 35 28.5 29.625 47.125 33.375 30.5 46.5 39 34.5 30.875 14.25 24.125 18.625 23.25 39.5 44 26 28.875 19.375 30.125 
42.875 36.75 40.75 47.375 36.5 36 32.625 19.75 25.75 44 51.375 60.25 51.625 49.5 49.5 42.625 36.75 26 32.375 35.5 29.875 20.25 27.625 45.25 29.25 33.875 33.25 21.75 26.375 30.5 36.5 35.75 34.25 33.75 52.25 52.5 51.125 46.5 33.25 25.875 
42.5 38.375 34.875 31.375 22.875 39.125 29.25 24.875 18.25 46.25 52.75 53.875 48 41.25 46.5 57 54.125 40.375 33 35.75 30.125 40.25 43 40.875 38.5 47.5 43.75 27.25 16.25 26.875 35.25 29.875 40.5 43.25 40.875 35.875 39 57.125 44 30.125 
40.5 54 50.125 48.25 31.875 45.625 60.625 48.5 45.375 56.375 42.125 32.75 26.5 31.25 35 46.125 47.5 36 35.125 30.25 37.25 42.25 49 36.25 30.5 41.875 38.125 38 27.25 42 49.625 30.25 36.125 39.75 34 19 36.5 49.625 51.5 37.75 
34.125 48 44 43.75 30.125 43.25 52.25 38.5 30.25 34.25 26.625 16.125 18.375 22.5 28.375 39.625 39.75 20.125 24.75 34.75 38.375 45.75 44.5 40.5 36.25 33.625 20.875 37.625 28.375 34.75 57.25 32.5 29.125 33.375 40 45.25 54 54.5 40 42.875 
32.125 55 49.75 61 51.875 50.625 57.125 43.875 24 28.625 30.375 32.625 35.75 23.625 20.75 36.5 42.875 30.375 19 34.5 48.875 47 32.875 21 21.375 20.625 24.75 47.75 35.625 33.375 48.875 51.125 28.875 26.125 28.375 36.75 52.25 48.5 37.125 34.625 
27.5 45.5 52.25 58.75 44.25 32.75 37.5 45.75 42.25 28 30.5 35.75 50.25 47.375 27.25 31.375 54.125 45.125 48.25 45.625 50 51.25 47.25 26.5 29.875 26.625 29 48.625 34.5 27.875 51.125 51.875 49.25 38.75 42.625 36.25 49.5 57.375 47.25 33.5 
29 50.375 49.625 50.875 46.625 36.25 43.625 57.75 49.875 32.5 28.375 28.375 57.375 56.25 34.875 24.5 37.75 39 36.875 35.875 37.75 41.375 36.625 32.25 36.5 16 22.625 35 25.5 34.875 33.5 43.875 34.625 38 39.125 36.125 39.375 42.25 54.625 28.5 
24.875 34.5 25.5 32.125 42.875 48.625 52.875 49.375 55.125 35.375 42.375 46.25 50 42.75 25.125 29.375 52.375 49.5 30.375 31.875 43.75 41.625 34.25 30.625 46.625 19.375 17.125 18.75 29.125 33.25 37.25 30.375 42.875 45 56.625 52.25 41.5 43.75 48.875 27.625 
41.875 39.625 28.625 23.625 33.625 26.625 40.125 39.625 49 39.5 35.375 27.375 26.625 19.25 18.875 39.5 51.625 52 32.25 20.875 39.375 41.875 37.125 33.5 44.125 32 30.375 29.375 49.625 60.375 38.75 32.25 39.625 41.375 46.875 45 37.625 51.25 47.875 24.5 
37.5 25.5 36.875 40.75 44.25 24.5 36.625 39.875 56 56.625 50.75 37.75 32.25 28.125 17.125 29.375 30.125 44.5 37.125 25 24.125 30 31 31.625 34 44.125 53.75 46.75 60.75 54 34.125 32.25 38.875 24.625 27.25 25.875 29.375 40.625 42.125 26.125 
37.375 32.75 32.375 46.5 42.375 29.625 33.375 29.625 31 55.875 59.375 47.875 47.875 37.875 13.875 27.25 18 29.75 37.125 35.75 37.5 35.125 51.375 39.875 45.375 56.5 67.125 57.375 63.625 54.5 33.75 29.125 28.125 31.625 42.25 46.5 30.25 36.75 35.875 34.875 
43.125 43.25 35.375 39.25 39.5 46.375 56.875 42.5 27.625 44.25 39.25 27.75 27.125 23.25 32.25 35.375 33.125 30.375 47.75 44.5 40.625 29 39.625 39.375 43.875 56.5 50.125 44.625 41.5 53.375 53.625 39 39.125 36.25 46.25 24.625 29.75 20.625 35.375 30.375 
35.125 48.375 33.375 47.375 38.625 49.75 53.625 47.125 25.75 45.125 40.25 28.625 27.75 29.875 30.875 34.125 19 26.25 45.125 57.375 47 49.375 47.375 40.5 42.375 52.875 40.875 24.875 22.875 26.75 41.625 43.625 42.75 43.5 35.375 26.75 29.375 35.25 46.875 42 
33.125 39.75 33.75 48 42 38.25 47.125 40 44.5 48.875 33.125 21.625 29 34.25 44.875 20.25 16.5 28 49.25 45.375 48.375 47.125 49.375 31.25 30.125 57.375 42 44.875 30.875 27.125 36.625 34.375 38.375 30.625 23.25 24.25 49.5 49.25 57.75 45.75 
27.375 35 26.125 33.25 31.625 32.125 42.375 46.125 51.75 60.125 43.875 24.125 33.875 40.625 49.25 29.625 32.375 45.625 43 40.25 25.125 39 40.625 33.5 26.5 49.25 34.375 25.25 27.875 23.5 25.75 29.75 42.75 35.125 28.875 21.5 35.375 31.625 41.125 27 
30.5 37.625 40.25 34 32.25 31.75 50.75 42.5 57.125 54.125 45.875 45.5 41.5 48 43.875 44.875 41.75 41 35.25 40.375 29.625 23.75 19.25 21.375 31.75 52.75 27.125 24.625 20.625 37.375 48.5 50.875 47.5 38.625 46.75 55.125 45.125 33.5 31 19 
11.375 30 38.5 40.5 35.125 22.25 26 27.25 41 29.75 24.5 28.875 42.75 39.5 49 38.125 39.375 16.875 23.5 38.75 41 30.375 27.25 33.625 47.5 57.25 52.5 39.25 23.125 25.375 47.75 57.5 52 36.25 51.875 51.75 47.25 31.125 45 31.125 
24.5 40.875 56.375 47.5 43.25 26.375 20.125 24.375 40.375 35.875 26.875 31.625 37.625 56.375 45 57.875 47.875 25.625 26.875 34.625 41.125 38.25 26.375 34.75 46.25 37.5 34.625 25.25 18.375 34.875 53.125 54.625 52.125 39.875 40.75 48.125 30.75 28.25 41.25 40.25 
22.875 31.75 26.75 29.875 38.375 39.125 38 34 47.25 42.25 45 47.5 48.875 42.75 35.75 39.875 48.875 26.25 29.375 17.25 38 32.625 20.375 34 49 44.625 29.75 28.75 29 42.875 52.625 35 29.375 29.375 29.75 42.875 32.25 16.875 22.25 22.125 
39.875 32.375 24.5 18.375 32.375 25 37.375 31.625 38.75 34.625 33.125 41.375 32.75 27 22.5 40.25 49 37.875 44.375 34.375 48.5 56.625 37.25 40.375 50.25 43.125 36.25 38.625 32.875 30.25 32.25 29.375 34.25 36.125 39 45.5 39.125 35.125 23 20.5 
31 34.625 23.625 45.625 40.75 34.125 39.75 36.625 55.625 42.375 23.625 30 24.375 34.625 21.75 26.375 29.75 27.25 51.625 44.875 53 46.875 33 38.375 52.625 46 29.5 48.375 41 51.75 52.875 55.375 42.375 37.875 34.375 36.5 37 48.375 33.875 32.125 
20.625 20.25 23.25 39.625 40.25 17.25 24 30 51.625 51.625 25.125 21.875 29.5 37.75 32.625 41.25 44.125 44 55.25 43.375 34.375 41.75 42 48.25 47.375 33.625 16.5 27.875 32.625 41.375 46.75 48.5 45.25 23.875 31 34.25 42.625 49.375 19.625 16.75 
21.375 24.625 22.375 51.375 48.875 24.75 31.125 29.625 53.625 52.625 31.625 30 26.75 38.5 37 50.375 47.25 38.375 51.75 44.25 38.875 36.75 37.625 33.875 30.25 20 13.5 28.875 25.75 39.5 25.125 30.375 37.5 20.625 28.75 36.25 46.125 45.875 23.25 9.625 
23.625 21.125 15.75 41.125 51 38.75 38.375 51.375 42.125 46.125 27.75 30 28.25 35.875 35 49.875 50.375 41 44.625 49.25 34.25 23.875 26.375 43.875 51.5 40.25 33 25 31.375 28.25 19.875 34 39 26.75 21.375 30.875 25.125 30.625 16.75 22.375 
15.25 15 12.5 33 50.5 39.375 45 35.5 33.5 27.125 29.75 30.5 32.75 34.125 27.75 31 45.375 43.625 41.375 37.125 22.875 11.75 23.75 47.875 50.625 40.625 32 33 34 30.625 21.5 27.375 27.5 16 25.5 29.625 31 21.75 25 29 
97.5 93.625 128.125 120 97.375 131.5 112.5 98.875 93.5 95.625 85.625 76.5 50.75 34.25 73.25 65.25 100.25 63.625 77 95 51.75 72.25 91.625 117 116.375 58.5 24.125 
59.875 53.5 39.625 104 129.125 98.5 98 130.75 107.125 116.625 69.75 76.125 71.875 90.875 88.5 126.75 127.875 104.5 113.625 125.125 86.75 60 66.5 111.125 130.875 102.5 84.125 63.5 79.25 71.625 50.125 86.25 98.75 67.625 53.625 78 63.375 77.125 41.625 56.625 
38.375 37.625 31.25 83.25 128 100.25 114.5 90.125 84.875 68.375 75.125 77.625 83.625 86.625 70.5 78.875 115.25 111.375 105.625 94.25 57.75 29.25 60 121.875 129 103.5 81.5 83.75 85.875 77.125 54.25 69.25 69.625 40.375 64.25 75 78.5 54.625 62.75 73.375 
220.875 259.25 329 370.25 384.875 358.75 187.125 243.875 269.75 338.125 393.125 154.125 131.875 
169 194.5 177.25 408.5 387.625 195.625 247.375 235.875 426.875 418.25 250.5 237.875 212.875 304.375 292.625 400.75 375.375 304.125 411.25 352.375 309.5 292 298.875 267.375 238.875 157.875 106.375 228.75 203.75 313.875 198.875 240.75 297.25 161.5 225.75 286.75 366.625 364.25 182.25 74.875 
187.25 167.125 124 325.875 404.5 308.125 306.5 409.375 335.25 365.25 218 237.875 224.125 283.875 276.5 396.625 400 326.375 355.125 391.875 271.375 187.25 207.875 347.5 409.875 321.125 263 198.125 247.625 223.75 156.5 269.625 309.375 211.25 167.375 243.25 197.875 240.75 129.625 176.75 
120.125 117.625 97.875 261.125 401.125 314 358.875 282.5 266.125 214 235.125 242.5 261.375 271.25 220.75 246.5 360.75 348.25 330.375 295.5 180.75 91.25 187.75 381.125 403.875 324.125 254.875 261.75 268.5 241.375 169.375 216.75 217.875 126 200.875 234.375 245.125 170.5 196.25 229.75 
 -14.125 -9.875 -19.25 -16.75 -19.25 -11.5 2 2.875 20.5 -7.25 -12.75 -4.875 24.5 -1.75 -2.875 
-21.875 -26.375 -18.125 -3.875 2.5 3.75 4.875 7.75 12.875 -2.75 0.5 -6.5 12.25 -16.125 17.625 -3.5 3.875 -1.75 -2.5 17.25 13.75 20.125 -9.875 -21.25 8.375 -8 -5.75 5.75 3 -23.75 -17.375 -4.375 7 8.25 20.25 26.75 7.375 2.25 -5.125 -21.625 -20.5 -24.5 -13 -2.5 1 2.125 19.75 21.125 19.875 16.375 
-9 -19.625 -24.375 -1.5 6 20.5 3.125 4.375 1.75 -5.25 10.125 -6.125 19.25 -3.5 12.125 1.625 -11 1.875 -12 5 20 5.5 -4.75 -8.5 6.625 -12.375 -1.625 -8 -9.875 8.75 21.875 31.625 34.75 17 24.625 23.875 21.625 16 8.75 -15.875 -11.5 -13.875 -7.125 18.25 15 24.125 8.75 -11.875 -3.625 9.375 
-9.25 -4 -4.5 10.625 6.375 -2.375 -9.125 -3.25 -4.75 -8.25 4.75 -18 -7.625 -19.875 -0.5 -5.125 -17.625 -2.375 -16.625 -0.875 15.875 30.625 6 15 -3.5 -15.875 14.75 12.5 4.5 16 28.5 19.125 39.5 14 -2.875 -22 6.5 20.125 11.5 -18.125 -8.75 -6.75 18.25 27.375 24.375 -0.625 -23.125 -32.625 1.375 4.375 
-26.625 -13.75 2.625 16.5 4.75 -20.875 -25.75 20.25 22.375 19 14.625 -14 9.75 6.125 13.125 11.125 -1.5 18 19.625 19 18.125 3.75 -5.625 2.25 3.625 -26.25 -2.875 17.25 11.5 31.625 21.5 25.875 21.625 19.125 -2.5 -11 13.625 22.375 29.5 9.125 1 -34.125 -15.125 -5.625 25.125 9.125 -11 -7.375 11.75 8 
-21.25 8 18.75 6.625 1.625 -2.375 13.375 35.625 40.625 15.75 5.875 6.75 31.625 11.25 2.375 1.375 -3.875 8.875 20.5 9.75 -7.375 -33.375 -48.125 -20.875 -11.375 -10 -3.25 10.125 10.5 19 28.25 7.25 1.125 -5.375 1.25 -1.375 18.625 -7.375 -1.875 9.5 12.375 -9 -17.5 -22.5 -10.25 8.75 19.5 21.625 24.625 -0.5 
-28.75 -8.25 24.375 3.25 16.125 27.625 28.25 35.5 26 15.125 9.875 23.125 17.625 13.125 -0.125 0.875 -8.5 -8.25 -0.5 14.25 -11.875 -22.875 -40.625 -26.875 1.75 11.75 2.875 -11.5 -8.625 12.25 16.375 2.5 15.125 22.125 -7.25 2.125 11.625 3.375 -5.875 7.375 33 13.75 8 -8 -10.875 4.25 32.75 21.125 -5.75 -20.125 
-6 -17.625 11.25 3.25 17.75 25.875 3.5 0.5 5.875 14.125 36.75 28.25 13.75 5.75 11.625 18.5 16.25 1.125 -3.625 -16 -12.625 -3.375 -23.875 -20.75 -5.625 26.5 10 -12.125 -14.375 4.5 13.375 7.125 15.125 32.125 -5.5 -24 -9.625 -14.875 -14.5 19.625 23.125 3.625 -8.125 9.625 8.875 17.125 6 1.625 -19.75 -34.75 
-4 -30.25 -4 -13.125 -6 -10.875 -12.25 1.25 6.5 15.625 35.5 33.625 10.875 11.75 -18 -9.25 -15.625 8.625 11.5 3.375 -14.5 -12.125 -13 -11.375 -7 -0.375 1.5 5.5 -0.75 17.125 20.375 -3.5 -0.5 25.25 -2.625 -23.75 -17.875 -15.875 -4.625 24.75 23.25 2.125 5.625 24.25 27.625 22.625 18.75 20.625 5.125 -16.875 
-14.625 -15.5 18.75 28.625 -0.125 -26.25 -26.125 -14.75 0.875 -6 32.25 13.375 20.375 17 6.875 -2.25 -22.375 -23.625 -4.125 -11.125 -27 -1 4.125 27.125 10.625 7.125 3.625 9.75 2.25 -3.25 -0.25 -1 -7 7.375 -0.875 -12.875 11.375 18.75 8 37.25 4.25 -0.5 3.25 22.625 32.25 44.5 22.375 19.25 -8.25 -28.875 
-1.625 12 26.125 20.25 11.875 -7.875 -8.375 5.75 -2.625 8 0.375 -11 -8.75 0.75 -16.5 -15.75 -18.875 -5 0.875 -4.5 -13.125 -10 18.75 13.25 11.375 1.625 -2.5 24.75 -2.875 -14.875 -17 24.125 15 25.5 6.75 17.125 27.125 4.625 0 -2.25 6.375 15.125 28.375 20.375 19.875 8.5 21.75 21 15.875 10.75 
-4.5 11.125 21.5 22.375 18.75 -1 -7.375 -9.875 6.625 -1.875 1.875 -25.25 4.375 3.75 4.125 5.5 38.625 34 10.25 -5.75 -25 -5.375 6.625 33.625 10.625 -13.125 -14.875 13.5 24.125 -22.625 -25.875 17.25 14.125 5.75 0.5 -25 -32 -24.75 -37.375 -28 -22.125 18.375 5.5 11.5 -3.625 -2.125 6.75 11.375 11.375 5.375 
-8.75 15.125 25.625 1.25 -7.5 -12 -19.875 -0.125 6.125 30.5 16 6.875 5.75 -9.125 -0.375 13.25 32.75 35.5 -19.625 -26 -24.75 -25.625 -0.75 33 15.625 1.25 -10.875 7.25 12 -13.125 -14.375 8.25 13.75 24.75 7.875 -24 -42.75 -31.375 -20.5 -36.5 -0.5 -2.125 11.875 17 18.625 12.25 27.25 21.125 4.25 1.125 
-14.875 -1.5 9.25 -13.25 -16.5 -2 -10.625 -6.875 8.75 28.875 40 33.25 24.625 12.375 21.375 12.125 15.75 22.125 6.125 9.75 4.75 -7.125 -12.75 1.875 -10.5 -14.625 -9.25 -23.125 -23.5 -22.25 -17.125 7 9.25 10.875 -5.125 -36.25 -39.25 -16 -19.875 -16.5 -11 5.625 4.75 23.625 -2.375 -6 6.625 22.5 31.125 15.125 
 -12.75 16.375 54 74.75 62.375 46.25 23.125 39.875 22.625 29.5 41.375 11.375 18.375 8.875 -13.5 -24 3.625 -19.625 -27.375 -17.125 -43.125 -44.125 -41.75 -32.25 13.125 17.375 20.5 -9.625 -67.75 -73.125 -29.75 -37.375 -31.125 -20.75 10.5 9 44.375 -4.25 -11.375 12.375 42.25 58.5 28.25 
